Date,Open,High,Low,Close,Volume,Adj Close
20151029  17:00:00,877.0,878.75,876.75,877.5,88,877.1
20151029  17:01:00,878.0,878.0,877.75,877.75,7,877.925
20151029  17:02:00,877.75,878.25,877.75,878.25,3,878.075
20151029  17:03:00,877.75,877.75,877.5,877.5,6,877.575
20151029  17:04:00,878.75,879.0,878.25,879.0,14,878.775
20151029  17:05:00,879.0,879.0,878.75,878.75,19,878.975
20151029  17:06:00,878.75,878.75,878.75,878.75,1,878.75
20151029  17:07:00,878.75,878.75,878.75,878.75,0,878.75
20151029  17:08:00,878.5,878.5,878.5,878.5,2,878.5
20151029  17:09:00,878.25,878.75,878.25,878.25,46,878.25
20151029  17:10:00,878.25,878.25,878.25,878.25,30,878.25
20151029  17:11:00,878.25,878.25,878.25,878.25,0,878.25
20151029  17:12:00,878.25,878.25,878.25,878.25,0,878.25
20151029  17:13:00,878.25,878.25,878.25,878.25,0,878.25
20151029  17:14:00,878.25,878.25,878.25,878.25,5,878.25
20151029  17:15:00,878.25,878.25,878.25,878.25,0,878.25
20151029  17:16:00,878.25,878.25,878.25,878.25,2,878.25
20151029  17:17:00,878.5,878.5,878.5,878.5,2,878.5
20151029  17:18:00,878.5,878.5,878.5,878.5,0,878.5
20151029  17:19:00,878.5,878.5,878.5,878.5,0,878.5
20151029  17:20:00,878.5,878.5,878.5,878.5,0,878.5
20151029  17:21:00,878.5,878.5,878.5,878.5,0,878.5
20151029  17:22:00,878.5,878.5,878.5,878.5,0,878.5
20151029  17:23:00,878.5,878.5,878.5,878.5,1,878.5
20151029  17:24:00,878.5,878.5,878.5,878.5,0,878.5
20151029  17:25:00,878.5,878.5,878.5,878.5,0,878.5
20151029  17:26:00,878.5,878.5,878.5,878.5,0,878.5
20151029  17:27:00,878.5,878.5,878.5,878.5,0,878.5
20151029  17:28:00,878.5,878.5,878.5,878.5,0,878.5
20151029  17:29:00,878.5,878.5,878.5,878.5,0,878.5
20151029  17:30:00,878.5,878.5,878.5,878.5,0,878.5
20151029  17:31:00,878.5,878.5,878.5,878.5,0,878.5
20151029  17:32:00,878.5,878.5,878.5,878.5,0,878.5
20151029  17:33:00,878.5,878.5,878.5,878.5,0,878.5
20151029  17:34:00,878.5,878.5,878.5,878.5,0,878.5
20151029  17:35:00,878.5,878.5,878.5,878.5,0,878.5
20151029  17:36:00,878.5,878.5,878.5,878.5,0,878.5
20151029  17:37:00,878.5,878.5,878.5,878.5,0,878.5
20151029  17:38:00,878.5,878.5,878.5,878.5,0,878.5
20151029  17:39:00,878.5,878.5,878.5,878.5,0,878.5
20151029  17:40:00,878.5,878.5,878.5,878.5,0,878.5
20151029  17:41:00,878.5,878.5,878.5,878.5,0,878.5
20151029  17:42:00,878.5,878.5,878.5,878.5,0,878.5
20151029  17:43:00,878.5,878.5,878.5,878.5,0,878.5
20151029  17:44:00,878.5,878.5,878.5,878.5,0,878.5
20151029  17:45:00,878.5,878.5,878.5,878.5,0,878.5
20151029  17:46:00,878.5,878.5,878.5,878.5,0,878.5
20151029  17:47:00,878.5,878.5,878.5,878.5,0,878.5
20151029  17:48:00,878.5,878.5,878.5,878.5,0,878.5
20151029  17:49:00,878.5,878.5,878.5,878.5,0,878.5
20151029  17:50:00,878.5,878.5,878.5,878.5,0,878.5
20151029  17:51:00,878.5,878.5,878.5,878.5,0,878.5
20151029  17:52:00,878.5,878.5,878.5,878.5,0,878.5
20151029  17:53:00,878.5,878.5,878.5,878.5,0,878.5
20151029  17:54:00,878.5,878.5,878.5,878.5,0,878.5
20151029  17:55:00,878.5,878.5,878.5,878.5,0,878.5
20151029  17:56:00,878.5,878.5,878.5,878.5,0,878.5
20151029  17:57:00,878.5,878.5,878.5,878.5,0,878.5
20151029  17:58:00,878.5,878.5,878.5,878.5,0,878.5
20151029  17:59:00,878.5,878.5,878.5,878.5,0,878.5
20151029  18:00:00,878.0,878.0,878.0,878.0,3,878.0
20151029  18:01:00,877.75,877.75,877.75,877.75,5,877.75
20151029  18:02:00,877.75,877.75,877.75,877.75,0,877.75
20151029  18:03:00,877.75,877.75,877.75,877.75,1,877.75
20151029  18:04:00,877.75,877.75,877.75,877.75,0,877.75
20151029  18:05:00,878.5,878.5,878.5,878.5,1,878.5
20151029  18:06:00,878.5,878.5,878.5,878.5,0,878.5
20151029  18:07:00,878.5,878.5,878.5,878.5,0,878.5
20151029  18:08:00,878.5,878.5,878.5,878.5,0,878.5
20151029  18:09:00,878.5,878.5,878.5,878.5,0,878.5
20151029  18:10:00,878.5,878.5,878.25,878.25,4,878.45
20151029  18:11:00,878.5,878.5,878.5,878.5,1,878.5
20151029  18:12:00,878.5,878.5,878.5,878.5,0,878.5
20151029  18:13:00,878.5,878.5,878.5,878.5,0,878.5
20151029  18:14:00,878.75,878.75,878.75,878.75,1,878.75
20151029  18:15:00,878.75,878.75,878.75,878.75,0,878.75
20151029  18:16:00,878.75,878.75,878.75,878.75,0,878.75
20151029  18:17:00,879.0,879.0,879.0,879.0,1,879.0
20151029  18:18:00,879.0,879.0,879.0,879.0,0,879.0
20151029  18:19:00,879.0,879.0,879.0,879.0,0,879.0
20151029  18:20:00,879.0,879.0,879.0,879.0,0,879.0
20151029  18:21:00,879.0,879.0,879.0,879.0,0,879.0
20151029  18:22:00,879.0,879.0,879.0,879.0,0,879.0
20151029  18:23:00,879.0,879.0,879.0,879.0,0,879.0
20151029  18:24:00,879.0,879.0,879.0,879.0,0,879.0
20151029  18:25:00,879.0,879.0,879.0,879.0,0,879.0
20151029  18:26:00,878.5,878.5,878.5,878.5,1,878.5
20151029  18:27:00,878.5,878.5,878.5,878.5,0,878.5
20151029  18:28:00,878.5,878.5,878.5,878.5,0,878.5
20151029  18:29:00,878.5,878.5,878.5,878.5,0,878.5
20151029  18:30:00,878.5,878.5,878.5,878.5,0,878.5
20151029  18:31:00,878.5,878.5,878.5,878.5,0,878.5
20151029  18:32:00,878.25,878.25,878.25,878.25,1,878.25
20151029  18:33:00,878.25,878.25,878.25,878.25,1,878.25
20151029  18:34:00,878.5,878.5,878.5,878.5,1,878.5
20151029  18:35:00,878.5,878.5,878.5,878.5,0,878.5
20151029  18:36:00,878.5,878.5,878.5,878.5,0,878.5
20151029  18:37:00,879.0,879.0,879.0,879.0,15,879.0
20151029  18:38:00,879.0,879.0,879.0,879.0,0,879.0
20151029  18:39:00,879.0,879.0,879.0,879.0,0,879.0
20151029  18:40:00,879.0,879.0,879.0,879.0,0,879.0
20151029  18:41:00,879.0,879.0,879.0,879.0,0,879.0
20151029  18:42:00,879.0,879.0,879.0,879.0,0,879.0
20151029  18:43:00,879.5,879.5,879.5,879.5,3,879.5
20151029  18:44:00,879.5,879.5,879.5,879.5,0,879.5
20151029  18:45:00,879.5,879.5,879.5,879.5,0,879.5
20151029  18:46:00,879.5,879.5,879.5,879.5,0,879.5
20151029  18:47:00,879.5,879.5,879.5,879.5,0,879.5
20151029  18:48:00,879.5,879.5,879.5,879.5,0,879.5
20151029  18:49:00,879.5,879.5,879.5,879.5,0,879.5
20151029  18:50:00,879.5,879.5,879.5,879.5,0,879.5
20151029  18:51:00,879.5,879.5,879.5,879.5,0,879.5
20151029  18:52:00,879.5,879.5,879.5,879.5,0,879.5
20151029  18:53:00,879.5,879.5,879.5,879.5,0,879.5
20151029  18:54:00,879.5,879.5,879.25,879.25,2,879.375
20151029  18:55:00,879.5,879.5,879.25,879.25,2,879.375
20151029  18:56:00,879.25,879.25,879.25,879.25,0,879.25
20151029  18:57:00,879.25,879.25,879.25,879.25,0,879.25
20151029  18:58:00,879.5,879.5,879.5,879.5,3,879.5
20151029  18:59:00,879.5,879.5,879.5,879.5,0,879.5
20151029  19:00:00,880.0,880.0,880.0,880.0,17,880.0
20151029  19:01:00,880.25,880.25,880.25,880.25,4,880.25
20151029  19:02:00,880.25,880.25,880.25,880.25,0,880.25
20151029  19:03:00,880.25,880.25,880.25,880.25,3,880.25
20151029  19:04:00,880.25,880.25,880.25,880.25,0,880.25
20151029  19:05:00,880.25,880.25,880.25,880.25,0,880.25
20151029  19:06:00,880.25,880.25,880.25,880.25,1,880.25
20151029  19:07:00,880.25,880.25,880.25,880.25,0,880.25
20151029  19:08:00,880.25,880.25,880.25,880.25,0,880.25
20151029  19:09:00,879.5,879.5,879.5,879.5,6,879.5
20151029  19:10:00,879.5,879.5,879.5,879.5,0,879.5
20151029  19:11:00,879.5,879.5,879.5,879.5,0,879.5
20151029  19:12:00,879.5,879.5,879.5,879.5,0,879.5
20151029  19:13:00,879.5,879.5,879.5,879.5,0,879.5
20151029  19:14:00,879.5,879.5,879.5,879.5,0,879.5
20151029  19:15:00,879.5,879.5,879.5,879.5,0,879.5
20151029  19:16:00,879.5,879.5,879.5,879.5,0,879.5
20151029  19:17:00,879.5,879.5,879.5,879.5,0,879.5
20151029  19:18:00,879.5,879.5,879.5,879.5,0,879.5
20151029  19:19:00,879.5,879.5,879.5,879.5,0,879.5
20151029  19:20:00,879.5,879.5,879.5,879.5,0,879.5
20151029  19:21:00,879.5,879.5,879.5,879.5,0,879.5
20151029  19:22:00,879.5,879.5,879.5,879.5,0,879.5
20151029  19:23:00,879.5,879.5,879.5,879.5,0,879.5
20151029  19:24:00,879.5,879.5,879.5,879.5,0,879.5
20151029  19:25:00,879.5,879.5,879.5,879.5,1,879.5
20151029  19:26:00,879.5,879.5,879.5,879.5,0,879.5
20151029  19:27:00,879.5,879.5,879.5,879.5,1,879.5
20151029  19:28:00,879.5,879.5,879.5,879.5,0,879.5
20151029  19:29:00,879.25,879.25,879.25,879.25,1,879.25
20151029  19:30:00,879.25,879.25,879.25,879.25,0,879.25
20151029  19:31:00,880.0,880.25,880.0,880.25,25,880.175
20151029  19:32:00,880.25,880.25,880.25,880.25,0,880.25
20151029  19:33:00,880.5,880.5,880.5,880.5,2,880.5
20151029  19:34:00,880.5,880.5,880.5,880.5,0,880.5
20151029  19:35:00,880.5,880.5,880.5,880.5,0,880.5
20151029  19:36:00,880.5,880.5,880.5,880.5,0,880.5
20151029  19:37:00,880.5,880.5,880.5,880.5,0,880.5
20151029  19:38:00,880.5,880.5,880.5,880.5,0,880.5
20151029  19:39:00,880.5,880.5,880.5,880.5,0,880.5
20151029  19:40:00,880.5,880.5,880.5,880.5,0,880.5
20151029  19:41:00,880.5,880.5,880.5,880.5,0,880.5
20151029  19:42:00,880.5,880.5,880.5,880.5,0,880.5
20151029  19:43:00,880.5,880.5,880.5,880.5,0,880.5
20151029  19:44:00,880.5,880.5,880.5,880.5,0,880.5
20151029  19:45:00,880.5,880.5,880.5,880.5,0,880.5
20151029  19:46:00,880.5,880.5,880.5,880.5,0,880.5
20151029  19:47:00,880.5,880.5,880.5,880.5,0,880.5
20151029  19:48:00,880.5,880.5,880.5,880.5,0,880.5
20151029  19:49:00,880.5,880.5,880.5,880.5,0,880.5
20151029  19:50:00,880.0,880.0,880.0,880.0,1,880.0
20151029  19:51:00,880.0,880.0,880.0,880.0,0,880.0
20151029  19:52:00,880.0,880.0,880.0,880.0,0,880.0
20151029  19:53:00,880.0,880.0,880.0,880.0,2,880.0
20151029  19:54:00,880.0,880.0,880.0,880.0,0,880.0
20151029  19:55:00,880.0,880.0,880.0,880.0,0,880.0
20151029  19:56:00,880.0,880.0,880.0,880.0,0,880.0
20151029  19:57:00,880.0,880.0,880.0,880.0,0,880.0
20151029  19:58:00,879.75,879.75,879.75,879.75,1,879.75
20151029  19:59:00,879.75,879.75,879.75,879.75,0,879.75
20151029  20:00:00,879.75,879.75,879.75,879.75,0,879.75
20151029  20:01:00,879.75,879.75,879.75,879.75,0,879.75
20151029  20:02:00,879.25,879.25,879.25,879.25,1,879.25
20151029  20:03:00,879.25,879.25,879.25,879.25,0,879.25
20151029  20:04:00,879.0,879.0,879.0,879.0,10,879.0
20151029  20:05:00,879.0,879.0,879.0,879.0,0,879.0
20151029  20:06:00,879.0,879.0,879.0,879.0,0,879.0
20151029  20:07:00,879.0,879.0,879.0,879.0,0,879.0
20151029  20:08:00,879.0,879.0,879.0,879.0,0,879.0
20151029  20:09:00,879.0,879.0,879.0,879.0,0,879.0
20151029  20:10:00,879.0,879.0,879.0,879.0,0,879.0
20151029  20:11:00,879.0,879.0,879.0,879.0,0,879.0
20151029  20:12:00,879.0,879.0,879.0,879.0,0,879.0
20151029  20:13:00,879.0,879.0,879.0,879.0,0,879.0
20151029  20:14:00,879.0,879.0,879.0,879.0,0,879.0
20151029  20:15:00,879.0,879.0,879.0,879.0,0,879.0
20151029  20:16:00,879.0,879.0,879.0,879.0,0,879.0
20151029  20:17:00,879.0,879.0,879.0,879.0,0,879.0
20151029  20:18:00,879.0,879.0,879.0,879.0,0,879.0
20151029  20:19:00,879.0,879.0,879.0,879.0,0,879.0
20151029  20:20:00,879.0,879.0,879.0,879.0,0,879.0
20151029  20:21:00,879.0,879.0,879.0,879.0,0,879.0
20151029  20:22:00,879.0,879.0,879.0,879.0,0,879.0
20151029  20:23:00,879.0,879.0,879.0,879.0,0,879.0
20151029  20:24:00,879.0,879.0,879.0,879.0,0,879.0
20151029  20:25:00,879.0,879.0,879.0,879.0,0,879.0
20151029  20:26:00,879.0,879.0,879.0,879.0,0,879.0
20151029  20:27:00,879.5,879.75,879.5,879.75,3,879.675
20151029  20:28:00,879.75,879.75,879.75,879.75,5,879.75
20151029  20:29:00,879.75,879.75,879.75,879.75,0,879.75
20151029  20:30:00,879.75,879.75,879.75,879.75,0,879.75
20151029  20:31:00,879.75,879.75,879.75,879.75,0,879.75
20151029  20:32:00,879.75,879.75,879.75,879.75,0,879.75
20151029  20:33:00,879.75,879.75,879.75,879.75,0,879.75
20151029  20:34:00,879.75,879.75,879.75,879.75,0,879.75
20151029  20:35:00,879.75,879.75,879.75,879.75,0,879.75
20151029  20:36:00,879.5,879.5,879.5,879.5,1,879.5
20151029  20:37:00,879.5,879.5,879.5,879.5,0,879.5
20151029  20:38:00,879.5,879.5,879.5,879.5,0,879.5
20151029  20:39:00,879.5,879.5,879.5,879.5,2,879.5
20151029  20:40:00,879.5,879.5,879.5,879.5,0,879.5
20151029  20:41:00,879.5,879.5,879.5,879.5,5,879.5
20151029  20:42:00,879.5,879.5,879.5,879.5,0,879.5
20151029  20:43:00,879.5,879.5,879.5,879.5,7,879.5
20151029  20:44:00,879.5,879.5,879.5,879.5,0,879.5
20151029  20:45:00,879.5,879.5,879.5,879.5,0,879.5
20151029  20:46:00,879.5,879.5,879.5,879.5,0,879.5
20151029  20:47:00,879.5,879.5,879.5,879.5,0,879.5
20151029  20:48:00,879.5,879.5,879.5,879.5,0,879.5
20151029  20:49:00,879.5,879.5,879.5,879.5,0,879.5
20151029  20:50:00,879.5,879.5,879.5,879.5,0,879.5
20151029  20:51:00,879.5,879.5,879.5,879.5,0,879.5
20151029  20:52:00,879.5,879.5,879.5,879.5,0,879.5
20151029  20:53:00,879.5,879.5,879.5,879.5,0,879.5
20151029  20:54:00,879.5,879.5,879.5,879.5,0,879.5
20151029  20:55:00,879.5,879.5,879.5,879.5,0,879.5
20151029  20:56:00,879.5,879.5,879.5,879.5,0,879.5
20151029  20:57:00,879.5,879.5,879.5,879.5,0,879.5
20151029  20:58:00,879.5,879.5,879.5,879.5,0,879.5
20151029  20:59:00,879.5,879.5,879.5,879.5,0,879.5
20151029  21:00:00,879.5,879.5,879.5,879.5,0,879.5
20151029  21:01:00,879.5,879.5,879.5,879.5,0,879.5
20151029  21:02:00,879.5,879.5,879.5,879.5,0,879.5
20151029  21:03:00,879.5,879.5,879.5,879.5,0,879.5
20151029  21:04:00,879.5,879.5,879.5,879.5,0,879.5
20151029  21:05:00,879.5,879.5,879.5,879.5,0,879.5
20151029  21:06:00,879.5,879.5,879.5,879.5,0,879.5
20151029  21:07:00,879.5,879.5,879.5,879.5,0,879.5
20151029  21:08:00,879.5,879.5,879.5,879.5,0,879.5
20151029  21:09:00,879.5,879.5,879.5,879.5,0,879.5
20151029  21:10:00,879.5,879.5,879.5,879.5,0,879.5
20151029  21:11:00,879.5,879.5,879.5,879.5,0,879.5
20151029  21:12:00,879.5,879.5,879.5,879.5,0,879.5
20151029  21:13:00,879.5,879.5,879.5,879.5,0,879.5
20151029  21:14:00,879.5,879.5,879.5,879.5,0,879.5
20151029  21:15:00,879.5,879.5,879.5,879.5,0,879.5
20151029  21:16:00,879.5,879.5,879.5,879.5,0,879.5
20151029  21:17:00,880.5,880.5,880.5,880.5,2,880.5
20151029  21:18:00,880.5,880.5,880.5,880.5,0,880.5
20151029  21:19:00,880.5,880.5,880.5,880.5,0,880.5
20151029  21:20:00,880.5,880.5,880.5,880.5,0,880.5
20151029  21:21:00,880.5,880.5,880.5,880.5,0,880.5
20151029  21:22:00,880.5,880.5,880.5,880.5,0,880.5
20151029  21:23:00,880.5,880.5,880.5,880.5,0,880.5
20151029  21:24:00,880.5,880.5,880.5,880.5,0,880.5
20151029  21:25:00,880.5,880.5,880.5,880.5,0,880.5
20151029  21:26:00,880.5,880.5,880.5,880.5,0,880.5
20151029  21:27:00,880.5,880.5,880.5,880.5,0,880.5
20151029  21:28:00,880.5,880.5,880.5,880.5,0,880.5
20151029  21:29:00,880.5,880.5,880.5,880.5,0,880.5
20151029  21:30:00,880.5,880.5,880.5,880.5,0,880.5
20151029  21:31:00,880.5,880.5,880.5,880.5,0,880.5
20151029  21:32:00,880.5,880.5,880.5,880.5,0,880.5
20151029  21:33:00,880.5,880.5,880.5,880.5,0,880.5
20151029  21:34:00,880.5,880.5,880.5,880.5,0,880.5
20151029  21:35:00,880.5,880.5,880.5,880.5,0,880.5
20151029  21:36:00,880.5,880.5,880.5,880.5,0,880.5
20151029  21:37:00,880.5,880.5,880.5,880.5,0,880.5
20151029  21:38:00,880.5,880.5,880.5,880.5,0,880.5
20151029  21:39:00,880.5,880.5,880.5,880.5,0,880.5
20151029  21:40:00,880.5,880.5,880.5,880.5,0,880.5
20151029  21:41:00,880.5,880.5,880.5,880.5,0,880.5
20151029  21:42:00,880.5,880.5,880.5,880.5,0,880.5
20151029  21:43:00,880.5,880.5,880.5,880.5,0,880.5
20151029  21:44:00,880.5,880.5,880.5,880.5,0,880.5
20151029  21:45:00,880.5,880.5,880.5,880.5,0,880.5
20151029  21:46:00,880.5,880.5,880.5,880.5,0,880.5
20151029  21:47:00,880.5,880.5,880.5,880.5,0,880.5
20151029  21:48:00,880.5,880.5,880.5,880.5,0,880.5
20151029  21:49:00,880.5,880.5,880.5,880.5,0,880.5
20151029  21:50:00,880.5,880.5,880.5,880.5,0,880.5
20151029  21:51:00,880.5,880.5,880.5,880.5,0,880.5
20151029  21:52:00,880.5,880.5,880.5,880.5,0,880.5
20151029  21:53:00,880.5,880.5,880.5,880.5,0,880.5
20151029  21:54:00,880.0,880.0,880.0,880.0,1,880.0
20151029  21:55:00,880.0,880.0,880.0,880.0,0,880.0
20151029  21:56:00,880.0,880.0,880.0,880.0,0,880.0
20151029  21:57:00,880.0,880.0,880.0,880.0,0,880.0
20151029  21:58:00,880.0,880.0,880.0,880.0,0,880.0
20151029  21:59:00,880.0,880.0,880.0,880.0,0,880.0
20151029  22:00:00,880.0,880.0,880.0,880.0,0,880.0
20151029  22:01:00,879.75,879.75,879.75,879.75,1,879.75
20151029  22:02:00,879.75,879.75,879.75,879.75,0,879.75
20151029  22:03:00,879.75,879.75,879.75,879.75,0,879.75
20151029  22:04:00,879.75,879.75,879.75,879.75,0,879.75
20151029  22:05:00,879.75,879.75,879.75,879.75,0,879.75
20151029  22:06:00,879.75,879.75,879.75,879.75,0,879.75
20151029  22:07:00,879.75,879.75,879.75,879.75,0,879.75
20151029  22:08:00,879.75,879.75,879.75,879.75,0,879.75
20151029  22:09:00,879.75,879.75,879.75,879.75,0,879.75
20151029  22:10:00,879.75,879.75,879.75,879.75,0,879.75
20151029  22:11:00,879.75,879.75,879.75,879.75,0,879.75
20151029  22:12:00,879.0,879.0,879.0,879.0,2,879.0
20151029  22:13:00,879.0,879.0,879.0,879.0,0,879.0
20151029  22:14:00,879.0,879.0,879.0,879.0,0,879.0
20151029  22:15:00,879.0,879.0,879.0,879.0,0,879.0
20151029  22:16:00,879.0,879.0,879.0,879.0,0,879.0
20151029  22:17:00,879.0,879.0,879.0,879.0,0,879.0
20151029  22:18:00,879.0,879.0,879.0,879.0,0,879.0
20151029  22:19:00,879.0,879.0,879.0,879.0,0,879.0
20151029  22:20:00,879.0,879.0,879.0,879.0,0,879.0
20151029  22:21:00,879.0,879.0,879.0,879.0,0,879.0
20151029  22:22:00,879.5,879.5,879.5,879.5,1,879.5
20151029  22:23:00,879.5,879.5,879.5,879.5,0,879.5
20151029  22:24:00,879.5,879.5,879.5,879.5,0,879.5
20151029  22:25:00,879.5,879.5,879.5,879.5,0,879.5
20151029  22:26:00,879.5,879.5,879.5,879.5,0,879.5
20151029  22:27:00,879.5,879.5,879.5,879.5,0,879.5
20151029  22:28:00,879.5,879.5,879.5,879.5,0,879.5
20151029  22:29:00,879.5,879.5,879.5,879.5,0,879.5
20151029  22:30:00,880.0,880.0,880.0,880.0,1,880.0
20151029  22:31:00,880.25,880.25,880.25,880.25,2,880.25
20151029  22:32:00,880.5,880.5,880.5,880.5,2,880.5
20151029  22:33:00,880.25,880.25,880.25,880.25,2,880.25
20151029  22:34:00,880.25,880.25,880.25,880.25,0,880.25
20151029  22:35:00,880.25,880.25,880.25,880.25,0,880.25
20151029  22:36:00,880.25,880.25,880.25,880.25,0,880.25
20151029  22:37:00,880.25,880.25,880.25,880.25,0,880.25
20151029  22:38:00,880.25,880.25,880.25,880.25,0,880.25
20151029  22:39:00,880.25,880.25,880.25,880.25,0,880.25
20151029  22:40:00,880.0,880.0,880.0,880.0,1,880.0
20151029  22:41:00,880.0,880.0,880.0,880.0,0,880.0
20151029  22:42:00,880.0,880.0,880.0,880.0,0,880.0
20151029  22:43:00,880.5,880.5,880.5,880.5,8,880.5
20151029  22:44:00,880.5,880.5,880.0,880.0,5,880.25
20151029  22:45:00,880.25,880.25,880.25,880.25,1,880.25
20151029  22:46:00,880.25,880.25,880.25,880.25,2,880.25
20151029  22:47:00,880.25,880.25,880.25,880.25,0,880.25
20151029  22:48:00,880.25,880.25,880.25,880.25,0,880.25
20151029  22:49:00,880.25,880.25,880.25,880.25,0,880.25
20151029  22:50:00,880.5,880.5,880.5,880.5,1,880.5
20151029  22:51:00,880.5,880.5,880.5,880.5,0,880.5
20151029  22:52:00,880.5,880.5,880.5,880.5,0,880.5
20151029  22:53:00,880.75,880.75,880.75,880.75,1,880.75
20151029  22:54:00,880.75,880.75,880.75,880.75,0,880.75
20151029  22:55:00,880.75,880.75,880.75,880.75,1,880.75
20151029  22:56:00,880.75,880.75,880.75,880.75,0,880.75
20151029  22:57:00,880.75,880.75,880.75,880.75,0,880.75
20151029  22:58:00,880.75,880.75,880.75,880.75,0,880.75
20151029  22:59:00,880.75,880.75,880.75,880.75,0,880.75
20151029  23:00:00,880.75,880.75,880.75,880.75,0,880.75
20151029  23:01:00,880.75,880.75,880.75,880.75,0,880.75
20151029  23:02:00,880.75,880.75,880.75,880.75,1,880.75
20151029  23:03:00,881.0,881.0,881.0,881.0,5,881.0
20151029  23:04:00,881.0,881.0,881.0,881.0,0,881.0
20151029  23:05:00,881.0,881.0,881.0,881.0,0,881.0
20151029  23:06:00,881.0,881.0,881.0,881.0,0,881.0
20151029  23:07:00,881.0,881.0,881.0,881.0,0,881.0
20151029  23:08:00,881.0,881.0,881.0,881.0,0,881.0
20151029  23:09:00,881.0,881.0,881.0,881.0,0,881.0
20151029  23:10:00,881.0,881.0,881.0,881.0,0,881.0
20151029  23:11:00,881.0,881.0,881.0,881.0,0,881.0
20151029  23:12:00,881.0,881.0,881.0,881.0,0,881.0
20151029  23:13:00,881.0,881.0,881.0,881.0,0,881.0
20151029  23:14:00,881.0,881.0,881.0,881.0,0,881.0
20151029  23:15:00,881.0,881.0,881.0,881.0,0,881.0
20151029  23:16:00,881.0,881.0,881.0,881.0,0,881.0
20151029  23:17:00,881.0,881.0,881.0,881.0,0,881.0
20151029  23:18:00,881.0,881.0,881.0,881.0,0,881.0
20151029  23:19:00,881.0,881.0,881.0,881.0,0,881.0
20151029  23:20:00,881.0,881.0,881.0,881.0,0,881.0
20151029  23:21:00,881.0,881.0,881.0,881.0,0,881.0
20151029  23:22:00,881.0,881.0,881.0,881.0,0,881.0
20151029  23:23:00,880.75,880.75,880.75,880.75,1,880.75
20151029  23:24:00,880.75,880.75,880.75,880.75,0,880.75
20151029  23:25:00,880.75,880.75,880.75,880.75,0,880.75
20151029  23:26:00,880.75,880.75,880.75,880.75,0,880.75
20151029  23:27:00,880.75,880.75,880.75,880.75,0,880.75
20151029  23:28:00,880.75,880.75,880.75,880.75,0,880.75
20151029  23:29:00,880.75,880.75,880.75,880.75,0,880.75
20151029  23:30:00,880.75,880.75,880.75,880.75,0,880.75
20151029  23:31:00,880.75,880.75,880.75,880.75,0,880.75
20151029  23:32:00,880.75,880.75,880.75,880.75,0,880.75
20151029  23:33:00,880.75,880.75,880.75,880.75,0,880.75
20151029  23:34:00,880.75,880.75,880.75,880.75,0,880.75
20151029  23:35:00,880.75,880.75,880.75,880.75,0,880.75
20151029  23:36:00,880.75,880.75,880.75,880.75,0,880.75
20151029  23:37:00,881.25,881.25,881.0,881.0,2,881.125
20151029  23:38:00,881.0,881.0,881.0,881.0,0,881.0
20151029  23:39:00,881.0,881.0,881.0,881.0,0,881.0
20151029  23:40:00,881.0,881.0,881.0,881.0,0,881.0
20151029  23:41:00,881.0,881.0,881.0,881.0,0,881.0
20151029  23:42:00,881.0,881.0,881.0,881.0,0,881.0
20151029  23:43:00,881.0,881.0,881.0,881.0,0,881.0
20151029  23:44:00,881.0,881.0,881.0,881.0,0,881.0
20151029  23:45:00,881.0,881.0,881.0,881.0,0,881.0
20151029  23:46:00,881.25,881.25,881.25,881.25,2,881.25
20151029  23:47:00,881.25,881.25,881.25,881.25,0,881.25
20151029  23:48:00,881.25,881.25,881.25,881.25,1,881.25
20151029  23:49:00,881.25,881.25,881.25,881.25,0,881.25
20151029  23:50:00,881.25,881.25,881.25,881.25,0,881.25
20151029  23:51:00,881.25,881.25,881.25,881.25,0,881.25
20151029  23:52:00,881.25,881.25,881.25,881.25,0,881.25
20151029  23:53:00,881.25,881.25,881.25,881.25,0,881.25
20151029  23:54:00,880.5,880.5,880.5,880.5,1,880.5
20151029  23:55:00,880.75,880.75,880.75,880.75,2,880.75
20151029  23:56:00,881.0,881.25,881.0,881.25,2,881.125
20151029  23:57:00,881.25,881.25,881.25,881.25,0,881.25
20151029  23:58:00,881.25,881.25,881.25,881.25,0,881.25
20151029  23:59:00,881.25,881.25,881.25,881.25,0,881.25
20151030  00:00:00,881.25,881.25,881.25,881.25,0,881.25
20151030  00:01:00,881.0,881.0,881.0,881.0,1,881.0
20151030  00:02:00,881.0,881.0,881.0,881.0,0,881.0
20151030  00:03:00,881.0,881.0,881.0,881.0,0,881.0
20151030  00:04:00,881.0,881.0,881.0,881.0,0,881.0
20151030  00:05:00,881.0,881.0,881.0,881.0,0,881.0
20151030  00:06:00,881.0,881.0,881.0,881.0,0,881.0
20151030  00:07:00,881.0,881.0,881.0,881.0,0,881.0
20151030  00:08:00,881.0,881.0,881.0,881.0,0,881.0
20151030  00:09:00,881.0,881.0,881.0,881.0,0,881.0
20151030  00:10:00,881.0,881.0,881.0,881.0,0,881.0
20151030  00:11:00,881.0,881.0,881.0,881.0,0,881.0
20151030  00:12:00,881.0,881.0,881.0,881.0,0,881.0
20151030  00:13:00,881.0,881.0,881.0,881.0,0,881.0
20151030  00:14:00,881.0,881.0,881.0,881.0,0,881.0
20151030  00:15:00,881.0,881.0,881.0,881.0,0,881.0
20151030  00:16:00,881.0,881.0,881.0,881.0,0,881.0
20151030  00:17:00,881.0,881.0,881.0,881.0,0,881.0
20151030  00:18:00,881.0,881.0,881.0,881.0,0,881.0
20151030  00:19:00,881.0,881.0,881.0,881.0,0,881.0
20151030  00:20:00,881.0,881.0,881.0,881.0,0,881.0
20151030  00:21:00,881.0,881.0,881.0,881.0,0,881.0
20151030  00:22:00,881.0,881.0,881.0,881.0,0,881.0
20151030  00:23:00,881.0,881.0,881.0,881.0,0,881.0
20151030  00:24:00,881.0,881.0,881.0,881.0,0,881.0
20151030  00:25:00,881.0,881.0,881.0,881.0,0,881.0
20151030  00:26:00,881.0,881.0,881.0,881.0,0,881.0
20151030  00:27:00,881.0,881.0,881.0,881.0,0,881.0
20151030  00:28:00,881.0,881.0,881.0,881.0,0,881.0
20151030  00:29:00,881.0,881.0,881.0,881.0,0,881.0
20151030  00:30:00,881.0,881.0,881.0,881.0,0,881.0
20151030  00:31:00,881.0,881.0,881.0,881.0,0,881.0
20151030  00:32:00,881.0,881.0,881.0,881.0,0,881.0
20151030  00:33:00,881.0,881.0,881.0,881.0,0,881.0
20151030  00:34:00,881.0,881.0,881.0,881.0,0,881.0
20151030  00:35:00,881.0,881.0,881.0,881.0,0,881.0
20151030  00:36:00,881.0,881.0,881.0,881.0,0,881.0
20151030  00:37:00,881.0,881.0,881.0,881.0,0,881.0
20151030  00:38:00,881.0,881.0,881.0,881.0,0,881.0
20151030  00:39:00,881.0,881.0,881.0,881.0,0,881.0
20151030  00:40:00,881.0,881.0,881.0,881.0,0,881.0
20151030  00:41:00,881.0,881.0,881.0,881.0,0,881.0
20151030  00:42:00,881.0,881.0,881.0,881.0,0,881.0
20151030  00:43:00,881.0,881.0,881.0,881.0,0,881.0
20151030  00:44:00,881.0,881.0,881.0,881.0,0,881.0
20151030  00:45:00,881.0,881.0,881.0,881.0,0,881.0
20151030  00:46:00,881.0,881.0,881.0,881.0,0,881.0
20151030  00:47:00,881.0,881.0,881.0,881.0,0,881.0
20151030  00:48:00,881.0,881.0,881.0,881.0,0,881.0
20151030  00:49:00,881.0,881.0,881.0,881.0,0,881.0
20151030  00:50:00,881.0,881.0,881.0,881.0,0,881.0
20151030  00:51:00,881.0,881.0,881.0,881.0,0,881.0
20151030  00:52:00,881.0,881.0,881.0,881.0,0,881.0
20151030  00:53:00,881.0,881.0,881.0,881.0,0,881.0
20151030  00:54:00,881.0,881.0,881.0,881.0,0,881.0
20151030  00:55:00,881.0,881.0,881.0,881.0,0,881.0
20151030  00:56:00,881.0,881.0,881.0,881.0,0,881.0
20151030  00:57:00,881.0,881.0,881.0,881.0,0,881.0
20151030  00:58:00,881.0,881.0,881.0,881.0,0,881.0
20151030  00:59:00,881.0,881.0,881.0,881.0,0,881.0
20151030  01:00:00,881.0,881.0,881.0,881.0,0,881.0
20151030  01:01:00,881.0,881.0,881.0,881.0,0,881.0
20151030  01:02:00,881.0,881.0,881.0,881.0,0,881.0
20151030  01:03:00,881.0,881.0,881.0,881.0,0,881.0
20151030  01:04:00,881.0,881.0,881.0,881.0,0,881.0
20151030  01:05:00,881.0,881.0,881.0,881.0,0,881.0
20151030  01:06:00,881.0,881.0,881.0,881.0,0,881.0
20151030  01:07:00,881.0,881.0,881.0,881.0,0,881.0
20151030  01:08:00,881.0,881.0,881.0,881.0,0,881.0
20151030  01:09:00,881.0,881.0,881.0,881.0,1,881.0
20151030  01:10:00,881.0,881.0,881.0,881.0,0,881.0
20151030  01:11:00,881.5,881.75,881.5,881.75,6,881.55
20151030  01:12:00,881.75,881.75,881.75,881.75,0,881.75
20151030  01:13:00,881.5,881.5,881.5,881.5,3,881.5
20151030  01:14:00,881.5,881.5,881.5,881.5,0,881.5
20151030  01:15:00,881.75,881.75,881.75,881.75,1,881.75
20151030  01:16:00,881.75,881.75,881.75,881.75,0,881.75
20151030  01:17:00,881.75,881.75,881.75,881.75,0,881.75
20151030  01:18:00,881.75,881.75,881.75,881.75,0,881.75
20151030  01:19:00,881.75,881.75,881.75,881.75,0,881.75
20151030  01:20:00,881.75,881.75,881.75,881.75,0,881.75
20151030  01:21:00,881.75,881.75,881.75,881.75,0,881.75
20151030  01:22:00,881.75,881.75,881.75,881.75,0,881.75
20151030  01:23:00,881.75,881.75,881.75,881.75,0,881.75
20151030  01:24:00,881.75,881.75,881.75,881.75,0,881.75
20151030  01:25:00,881.75,881.75,881.75,881.75,0,881.75
20151030  01:26:00,881.75,881.75,881.75,881.75,0,881.75
20151030  01:27:00,881.75,881.75,881.75,881.75,0,881.75
20151030  01:28:00,881.75,881.75,881.75,881.75,0,881.75
20151030  01:29:00,881.75,881.75,881.75,881.75,0,881.75
20151030  01:30:00,881.75,881.75,881.75,881.75,0,881.75
20151030  01:31:00,881.75,881.75,881.75,881.75,0,881.75
20151030  01:32:00,881.75,881.75,881.75,881.75,0,881.75
20151030  01:33:00,881.75,881.75,881.75,881.75,0,881.75
20151030  01:34:00,881.75,881.75,881.75,881.75,0,881.75
20151030  01:35:00,881.75,881.75,881.75,881.75,0,881.75
20151030  01:36:00,881.75,881.75,881.75,881.75,0,881.75
20151030  01:37:00,881.75,881.75,881.75,881.75,0,881.75
20151030  01:38:00,881.75,881.75,881.75,881.75,0,881.75
20151030  01:39:00,881.75,881.75,881.75,881.75,0,881.75
20151030  01:40:00,881.75,881.75,881.75,881.75,0,881.75
20151030  01:41:00,881.75,881.75,881.75,881.75,0,881.75
20151030  01:42:00,881.75,881.75,881.75,881.75,0,881.75
20151030  01:43:00,881.75,881.75,881.75,881.75,0,881.75
20151030  01:44:00,881.75,881.75,881.75,881.75,0,881.75
20151030  01:45:00,881.75,881.75,881.75,881.75,0,881.75
20151030  01:46:00,881.75,881.75,881.75,881.75,0,881.75
20151030  01:47:00,881.75,881.75,881.75,881.75,0,881.75
20151030  01:48:00,881.75,881.75,881.75,881.75,0,881.75
20151030  01:49:00,881.5,881.5,881.5,881.5,1,881.5
20151030  01:50:00,881.5,881.5,881.5,881.5,0,881.5
20151030  01:51:00,881.5,881.5,881.5,881.5,0,881.5
20151030  01:52:00,881.5,881.5,881.5,881.5,0,881.5
20151030  01:53:00,881.5,881.5,881.5,881.5,0,881.5
20151030  01:54:00,881.5,881.5,881.5,881.5,0,881.5
20151030  01:55:00,881.5,881.5,881.5,881.5,0,881.5
20151030  01:56:00,881.5,881.5,881.5,881.5,0,881.5
20151030  01:57:00,881.5,881.5,881.5,881.5,0,881.5
20151030  01:58:00,881.5,881.5,881.5,881.5,0,881.5
20151030  01:59:00,881.5,881.5,881.5,881.5,0,881.5
20151030  02:00:00,881.0,881.0,881.0,881.0,6,881.0
20151030  02:01:00,881.0,881.0,881.0,881.0,0,881.0
20151030  02:02:00,881.0,881.0,881.0,881.0,0,881.0
20151030  02:03:00,881.0,881.0,881.0,881.0,0,881.0
20151030  02:04:00,881.0,881.0,881.0,881.0,2,881.0
20151030  02:05:00,881.0,881.0,881.0,881.0,0,881.0
20151030  02:06:00,881.0,881.0,881.0,881.0,0,881.0
20151030  02:07:00,881.0,881.0,881.0,881.0,0,881.0
20151030  02:08:00,881.0,881.0,881.0,881.0,0,881.0
20151030  02:09:00,881.0,881.0,881.0,881.0,0,881.0
20151030  02:10:00,881.0,881.0,881.0,881.0,0,881.0
20151030  02:11:00,881.0,881.0,881.0,881.0,0,881.0
20151030  02:12:00,881.0,881.0,881.0,881.0,0,881.0
20151030  02:13:00,881.0,881.0,881.0,881.0,0,881.0
20151030  02:14:00,881.0,881.0,881.0,881.0,0,881.0
20151030  02:15:00,881.0,881.0,881.0,881.0,0,881.0
20151030  02:16:00,881.0,881.0,881.0,881.0,0,881.0
20151030  02:17:00,881.0,881.0,881.0,881.0,0,881.0
20151030  02:18:00,881.0,881.0,881.0,881.0,0,881.0
20151030  02:19:00,881.0,881.0,881.0,881.0,0,881.0
20151030  02:20:00,881.0,881.0,881.0,881.0,0,881.0
20151030  02:21:00,881.0,881.0,881.0,881.0,0,881.0
20151030  02:22:00,881.0,881.0,881.0,881.0,0,881.0
20151030  02:23:00,881.0,881.0,881.0,881.0,0,881.0
20151030  02:24:00,881.0,881.0,881.0,881.0,0,881.0
20151030  02:25:00,881.0,881.0,881.0,881.0,0,881.0
20151030  02:26:00,881.0,881.0,881.0,881.0,0,881.0
20151030  02:27:00,881.0,881.0,881.0,881.0,0,881.0
20151030  02:28:00,881.0,881.0,881.0,881.0,0,881.0
20151030  02:29:00,881.0,881.0,881.0,881.0,0,881.0
20151030  02:30:00,881.0,881.0,881.0,881.0,0,881.0
20151030  02:31:00,881.0,881.0,881.0,881.0,0,881.0
20151030  02:32:00,881.0,881.0,881.0,881.0,0,881.0
20151030  02:33:00,881.0,881.0,881.0,881.0,0,881.0
20151030  02:34:00,881.0,881.0,881.0,881.0,0,881.0
20151030  02:35:00,881.0,881.0,881.0,881.0,0,881.0
20151030  02:36:00,881.0,881.0,881.0,881.0,0,881.0
20151030  02:37:00,881.0,881.0,881.0,881.0,0,881.0
20151030  02:38:00,881.0,881.0,881.0,881.0,0,881.0
20151030  02:39:00,881.0,881.0,881.0,881.0,0,881.0
20151030  02:40:00,881.0,881.0,881.0,881.0,0,881.0
20151030  02:41:00,881.0,881.0,881.0,881.0,0,881.0
20151030  02:42:00,882.0,882.5,882.0,882.5,59,882.475
20151030  02:43:00,882.5,882.5,882.5,882.5,0,882.5
20151030  02:44:00,882.5,882.5,882.5,882.5,0,882.5
20151030  02:45:00,882.5,882.5,882.5,882.5,0,882.5
20151030  02:46:00,882.5,882.5,882.5,882.5,0,882.5
20151030  02:47:00,882.5,882.5,882.5,882.5,0,882.5
20151030  02:48:00,882.5,882.5,882.5,882.5,0,882.5
20151030  02:49:00,882.5,882.5,882.5,882.5,0,882.5
20151030  02:50:00,882.5,882.5,882.5,882.5,0,882.5
20151030  02:51:00,882.5,882.5,882.5,882.5,0,882.5
20151030  02:52:00,882.5,882.5,882.5,882.5,0,882.5
20151030  02:53:00,882.5,882.5,882.5,882.5,0,882.5
20151030  02:54:00,882.25,882.25,882.25,882.25,8,882.25
20151030  02:55:00,882.25,882.25,882.25,882.25,0,882.25
20151030  02:56:00,882.0,882.0,882.0,882.0,5,882.0
20151030  02:57:00,882.0,882.0,882.0,882.0,3,882.0
20151030  02:58:00,882.0,882.0,882.0,882.0,0,882.0
20151030  02:59:00,881.5,881.5,881.5,881.5,3,881.5
20151030  03:00:00,881.5,881.5,881.5,881.5,0,881.5
20151030  03:01:00,882.0,882.0,882.0,882.0,2,882.0
20151030  03:02:00,882.0,882.0,882.0,882.0,0,882.0
20151030  03:03:00,882.0,882.0,882.0,882.0,0,882.0
20151030  03:04:00,882.0,882.0,882.0,882.0,0,882.0
20151030  03:05:00,882.0,882.0,882.0,882.0,10,882.0
20151030  03:06:00,882.0,882.0,882.0,882.0,1,882.0
20151030  03:07:00,882.0,882.0,882.0,882.0,0,882.0
20151030  03:08:00,882.0,882.0,882.0,882.0,0,882.0
20151030  03:09:00,882.0,882.0,882.0,882.0,0,882.0
20151030  03:10:00,882.25,882.25,882.25,882.25,1,882.25
20151030  03:11:00,882.25,882.25,882.25,882.25,0,882.25
20151030  03:12:00,882.25,882.25,882.25,882.25,0,882.25
20151030  03:13:00,882.25,882.25,882.25,882.25,0,882.25
20151030  03:14:00,882.25,882.25,882.25,882.25,0,882.25
20151030  03:15:00,882.25,882.25,882.25,882.25,0,882.25
20151030  03:16:00,882.25,882.25,882.25,882.25,0,882.25
20151030  03:17:00,882.25,882.25,882.25,882.25,0,882.25
20151030  03:18:00,882.25,882.25,882.25,882.25,0,882.25
20151030  03:19:00,882.25,882.25,882.25,882.25,0,882.25
20151030  03:20:00,882.25,882.25,882.25,882.25,0,882.25
20151030  03:21:00,882.25,882.25,882.25,882.25,0,882.25
20151030  03:22:00,882.25,882.25,882.25,882.25,0,882.25
20151030  03:23:00,882.25,882.25,882.25,882.25,0,882.25
20151030  03:24:00,882.25,882.25,882.25,882.25,0,882.25
20151030  03:25:00,882.25,882.25,882.25,882.25,4,882.25
20151030  03:26:00,882.25,882.25,882.25,882.25,0,882.25
20151030  03:27:00,882.25,882.25,882.25,882.25,0,882.25
20151030  03:28:00,882.25,882.25,882.25,882.25,0,882.25
20151030  03:29:00,882.25,882.75,882.25,882.75,61,882.375
20151030  03:30:00,882.75,882.75,882.75,882.75,0,882.75
20151030  03:31:00,882.5,882.5,882.5,882.5,1,882.5
20151030  03:32:00,882.5,882.5,882.5,882.5,0,882.5
20151030  03:33:00,882.5,882.5,882.5,882.5,0,882.5
20151030  03:34:00,882.5,882.5,882.5,882.5,0,882.5
20151030  03:35:00,882.5,882.5,882.5,882.5,0,882.5
20151030  03:36:00,882.5,882.5,882.5,882.5,0,882.5
20151030  03:37:00,882.5,882.5,882.5,882.5,0,882.5
20151030  03:38:00,882.5,882.5,882.5,882.5,0,882.5
20151030  03:39:00,882.5,882.5,882.5,882.5,0,882.5
20151030  03:40:00,882.5,882.5,882.5,882.5,0,882.5
20151030  03:41:00,882.5,882.5,882.5,882.5,0,882.5
20151030  03:42:00,882.5,882.5,882.5,882.5,1,882.5
20151030  03:43:00,882.5,882.5,882.5,882.5,0,882.5
20151030  03:44:00,882.5,882.5,882.5,882.5,0,882.5
20151030  03:45:00,882.5,882.5,882.5,882.5,0,882.5
20151030  03:46:00,882.5,882.5,882.5,882.5,0,882.5
20151030  03:47:00,882.5,882.5,882.5,882.5,0,882.5
20151030  03:48:00,882.5,882.5,882.5,882.5,0,882.5
20151030  03:49:00,882.5,882.5,882.5,882.5,0,882.5
20151030  03:50:00,882.5,882.5,882.5,882.5,0,882.5
20151030  03:51:00,882.5,882.5,882.5,882.5,0,882.5
20151030  03:52:00,882.5,882.5,882.5,882.5,0,882.5
20151030  03:53:00,882.5,882.5,882.5,882.5,0,882.5
20151030  03:54:00,882.5,882.5,882.5,882.5,0,882.5
20151030  03:55:00,882.5,882.5,882.5,882.5,4,882.5
20151030  03:56:00,882.5,882.5,882.5,882.5,0,882.5
20151030  03:57:00,882.75,882.75,882.75,882.75,2,882.75
20151030  03:58:00,882.75,882.75,882.75,882.75,0,882.75
20151030  03:59:00,882.75,882.75,882.75,882.75,0,882.75
20151030  04:00:00,882.75,882.75,882.75,882.75,0,882.75
20151030  04:01:00,882.75,882.75,882.75,882.75,0,882.75
20151030  04:02:00,882.75,882.75,882.75,882.75,0,882.75
20151030  04:03:00,882.75,882.75,882.75,882.75,0,882.75
20151030  04:04:00,882.75,882.75,882.75,882.75,0,882.75
20151030  04:05:00,882.75,882.75,882.75,882.75,0,882.75
20151030  04:06:00,882.75,882.75,882.75,882.75,0,882.75
20151030  04:07:00,882.75,882.75,882.75,882.75,0,882.75
20151030  04:08:00,882.75,882.75,882.75,882.75,0,882.75
20151030  04:09:00,882.75,882.75,882.75,882.75,0,882.75
20151030  04:10:00,882.75,882.75,882.75,882.75,0,882.75
20151030  04:11:00,882.75,882.75,882.75,882.75,0,882.75
20151030  04:12:00,882.75,882.75,882.75,882.75,0,882.75
20151030  04:13:00,882.75,882.75,882.75,882.75,0,882.75
20151030  04:14:00,882.75,882.75,882.75,882.75,0,882.75
20151030  04:15:00,882.75,882.75,882.75,882.75,0,882.75
20151030  04:16:00,882.75,882.75,882.75,882.75,0,882.75
20151030  04:17:00,882.75,882.75,882.75,882.75,0,882.75
20151030  04:18:00,882.75,882.75,882.75,882.75,0,882.75
20151030  04:19:00,882.75,882.75,882.75,882.75,0,882.75
20151030  04:20:00,882.75,882.75,882.75,882.75,0,882.75
20151030  04:21:00,882.5,882.5,882.5,882.5,1,882.5
20151030  04:22:00,882.5,882.5,882.5,882.5,0,882.5
20151030  04:23:00,882.5,882.5,882.5,882.5,0,882.5
20151030  04:24:00,882.5,882.5,882.5,882.5,1,882.5
20151030  04:25:00,882.5,882.5,882.5,882.5,0,882.5
20151030  04:26:00,882.5,882.5,882.5,882.5,0,882.5
20151030  04:27:00,882.5,882.5,882.5,882.5,0,882.5
20151030  04:28:00,882.25,882.25,882.25,882.25,3,882.25
20151030  04:29:00,882.25,882.25,882.25,882.25,0,882.25
20151030  04:30:00,882.25,882.25,882.25,882.25,0,882.25
20151030  04:31:00,882.25,882.25,882.25,882.25,0,882.25
20151030  04:32:00,882.25,882.25,882.25,882.25,0,882.25
20151030  04:33:00,882.25,882.25,882.25,882.25,0,882.25
20151030  04:34:00,882.25,882.25,882.25,882.25,0,882.25
20151030  04:35:00,882.25,882.25,882.25,882.25,0,882.25
20151030  04:36:00,882.25,882.25,882.25,882.25,0,882.25
20151030  04:37:00,882.25,882.25,882.25,882.25,0,882.25
20151030  04:38:00,882.25,882.25,882.25,882.25,0,882.25
20151030  04:39:00,882.25,882.25,882.25,882.25,0,882.25
20151030  04:40:00,882.25,882.25,882.25,882.25,0,882.25
20151030  04:41:00,882.25,882.25,882.25,882.25,0,882.25
20151030  04:42:00,882.25,882.25,882.25,882.25,0,882.25
20151030  04:43:00,881.75,881.75,881.75,881.75,6,881.75
20151030  04:44:00,881.75,881.75,881.75,881.75,0,881.75
20151030  04:45:00,881.75,881.75,881.75,881.75,0,881.75
20151030  04:46:00,881.75,881.75,881.75,881.75,0,881.75
20151030  04:47:00,881.75,881.75,881.75,881.75,0,881.75
20151030  04:48:00,881.75,881.75,881.75,881.75,0,881.75
20151030  04:49:00,881.75,881.75,881.75,881.75,0,881.75
20151030  04:50:00,881.75,881.75,881.75,881.75,0,881.75
20151030  04:51:00,881.5,881.5,881.5,881.5,7,881.5
20151030  04:52:00,881.5,881.5,881.5,881.5,0,881.5
20151030  04:53:00,881.5,881.5,881.5,881.5,0,881.5
20151030  04:54:00,881.5,881.5,881.5,881.5,0,881.5
20151030  04:55:00,881.5,881.5,881.5,881.5,0,881.5
20151030  04:56:00,881.5,881.5,881.5,881.5,0,881.5
20151030  04:57:00,881.5,881.75,881.5,881.75,6,881.7
20151030  04:58:00,881.75,881.75,881.75,881.75,0,881.75
20151030  04:59:00,881.75,881.75,881.75,881.75,1,881.75
20151030  05:00:00,881.5,881.5,881.5,881.5,1,881.5
20151030  05:01:00,881.75,881.75,881.75,881.75,9,881.75
20151030  05:02:00,882.0,882.0,882.0,882.0,27,882.0
20151030  05:03:00,882.0,882.0,882.0,882.0,4,882.0
20151030  05:04:00,882.25,882.25,882.25,882.25,1,882.25
20151030  05:05:00,882.0,882.0,882.0,882.0,1,882.0
20151030  05:06:00,882.25,882.25,882.25,882.25,6,882.25
20151030  05:07:00,882.5,882.5,882.5,882.5,1,882.5
20151030  05:08:00,882.0,882.0,882.0,882.0,4,882.0
20151030  05:09:00,882.0,882.0,882.0,882.0,0,882.0
20151030  05:10:00,882.0,882.0,882.0,882.0,0,882.0
20151030  05:11:00,882.0,882.0,882.0,882.0,0,882.0
20151030  05:12:00,881.0,881.0,881.0,881.0,1,881.0
20151030  05:13:00,881.25,881.25,881.0,881.0,6,881.075
20151030  05:14:00,881.0,881.0,881.0,881.0,0,881.0
20151030  05:15:00,881.0,881.0,881.0,881.0,0,881.0
20151030  05:16:00,881.0,881.0,881.0,881.0,0,881.0
20151030  05:17:00,881.0,881.0,881.0,881.0,0,881.0
20151030  05:18:00,881.0,881.0,881.0,881.0,0,881.0
20151030  05:19:00,881.0,881.0,881.0,881.0,0,881.0
20151030  05:20:00,881.25,881.25,881.25,881.25,9,881.25
20151030  05:21:00,881.25,881.25,881.25,881.25,2,881.25
20151030  05:22:00,881.25,881.25,881.25,881.25,6,881.25
20151030  05:23:00,881.25,881.25,881.25,881.25,0,881.25
20151030  05:24:00,881.25,881.25,881.25,881.25,0,881.25
20151030  05:25:00,881.25,881.25,881.25,881.25,0,881.25
20151030  05:26:00,881.25,881.25,881.25,881.25,0,881.25
20151030  05:27:00,881.25,881.25,881.25,881.25,0,881.25
20151030  05:28:00,881.25,881.25,881.25,881.25,0,881.25
20151030  05:29:00,881.25,881.25,881.25,881.25,0,881.25
20151030  05:30:00,881.25,881.25,881.25,881.25,0,881.25
20151030  05:31:00,881.75,881.75,881.5,881.5,4,881.675
20151030  05:32:00,881.5,881.5,881.5,881.5,0,881.5
20151030  05:33:00,881.5,881.5,881.5,881.5,0,881.5
20151030  05:34:00,881.5,881.5,881.5,881.5,0,881.5
20151030  05:35:00,881.5,881.5,881.5,881.5,0,881.5
20151030  05:36:00,881.5,881.5,881.5,881.5,5,881.5
20151030  05:37:00,881.5,881.5,881.5,881.5,0,881.5
20151030  05:38:00,881.5,881.5,881.5,881.5,0,881.5
20151030  05:39:00,881.5,881.5,881.5,881.5,0,881.5
20151030  05:40:00,881.5,881.5,881.5,881.5,0,881.5
20151030  05:41:00,882.0,882.0,882.0,882.0,2,882.0
20151030  05:42:00,881.5,881.5,881.5,881.5,10,881.5
20151030  05:43:00,881.75,881.75,881.75,881.75,5,881.75
20151030  05:44:00,882.0,882.0,881.0,881.0,18,881.525
20151030  06:30:00,881.0,882.25,881.0,881.25,133,881.675
20151030  06:31:00,881.0,881.25,879.5,880.0,58,880.375
20151030  06:32:00,880.25,880.25,879.75,879.75,10,880.0
20151030  06:33:00,879.0,879.75,879.0,879.5,27,879.575
20151030  06:34:00,880.0,881.25,879.75,880.75,35,880.875
20151030  06:35:00,881.25,881.5,881.25,881.25,13,881.35
20151030  06:36:00,881.5,881.75,880.75,880.75,40,880.925
20151030  06:37:00,881.25,882.0,880.75,880.75,6,881.375
20151030  06:38:00,881.25,881.25,881.25,881.25,4,881.25
20151030  06:39:00,882.0,882.0,882.0,882.0,1,882.0
20151030  06:40:00,882.5,883.0,882.5,882.75,20,882.65
20151030  06:41:00,882.75,883.0,882.5,882.5,12,882.65
20151030  06:42:00,882.5,882.75,882.5,882.75,25,882.525
20151030  06:43:00,882.5,883.5,882.5,883.5,106,883.025
20151030  06:44:00,883.5,883.5,883.25,883.25,44,883.45
20151030  06:45:00,883.0,883.0,882.5,883.0,26,882.8
20151030  06:46:00,882.75,883.25,882.75,883.25,5,883.15
20151030  06:47:00,882.5,882.5,882.0,882.0,20,882.3
20151030  06:48:00,882.0,882.0,882.0,882.0,12,882.0
20151030  06:49:00,881.75,881.75,881.75,881.75,1,881.75
20151030  06:50:00,881.25,881.25,880.5,881.0,33,881.075
20151030  06:51:00,881.0,881.25,880.75,881.0,52,880.9
20151030  06:52:00,881.25,881.25,881.0,881.0,7,881.175
20151030  06:53:00,881.5,882.0,881.5,882.0,11,881.75
20151030  06:54:00,882.5,882.75,882.25,882.75,56,882.5
20151030  06:55:00,883.0,883.0,882.5,882.5,11,882.875
20151030  06:56:00,882.25,882.25,882.0,882.0,2,882.125
20151030  06:57:00,880.75,880.75,880.75,880.75,3,880.75
20151030  06:58:00,880.25,880.75,880.25,880.25,28,880.4
20151030  06:59:00,880.25,880.5,880.25,880.5,8,880.45
20151030  07:00:00,880.5,880.75,880.5,880.5,16,880.525
20151030  07:01:00,880.25,880.5,880.25,880.5,5,880.45
20151030  07:02:00,880.75,880.75,880.25,880.5,8,880.5
20151030  07:03:00,880.5,880.5,880.5,880.5,23,880.5
20151030  07:04:00,880.75,880.75,880.5,880.5,17,880.675
20151030  07:05:00,880.5,880.5,880.5,880.5,0,880.5
20151030  07:06:00,881.0,881.25,880.75,880.75,6,881.05
20151030  07:07:00,881.25,881.75,881.25,881.75,13,881.625
20151030  07:08:00,882.0,882.0,881.75,881.75,24,881.85
20151030  07:09:00,881.25,881.25,881.25,881.25,2,881.25
20151030  07:10:00,881.0,881.0,880.75,880.75,2,880.875
20151030  07:11:00,881.75,881.75,881.75,881.75,5,881.75
20151030  07:12:00,881.75,881.75,881.75,881.75,2,881.75
20151030  07:13:00,882.25,883.5,882.25,883.5,29,882.675
20151030  07:14:00,883.25,883.25,882.75,882.75,14,882.925
20151030  07:15:00,882.5,882.5,882.25,882.25,6,882.3
20151030  07:16:00,882.5,883.0,882.5,883.0,11,882.55
20151030  07:17:00,883.0,883.0,883.0,883.0,0,883.0
20151030  07:18:00,881.5,882.0,881.5,882.0,3,881.675
20151030  07:19:00,882.25,882.25,882.25,882.25,3,882.25
20151030  07:20:00,882.5,882.75,882.5,882.75,8,882.6
20151030  07:21:00,882.75,883.0,882.75,883.0,14,882.975
20151030  07:22:00,883.0,883.0,882.75,882.75,56,882.95
20151030  07:23:00,882.75,882.75,882.75,882.75,5,882.75
20151030  07:24:00,883.25,883.25,883.25,883.25,5,883.25
20151030  07:25:00,883.75,885.25,883.75,885.0,122,884.35
20151030  07:26:00,884.75,885.0,884.5,884.5,18,884.725
20151030  07:27:00,884.25,884.25,884.0,884.0,14,884.075
20151030  07:28:00,884.25,884.5,884.25,884.25,8,884.275
20151030  07:29:00,884.25,884.5,884.25,884.25,3,884.325
20151030  07:30:00,883.75,883.75,883.75,883.75,2,883.75
20151030  07:31:00,884.75,885.0,884.75,885.0,2,884.875
20151030  07:32:00,885.0,885.0,885.0,885.0,1,885.0
20151030  07:33:00,884.75,885.25,884.75,884.75,24,884.825
20151030  07:34:00,884.75,886.0,884.75,886.0,120,885.425
20151030  07:35:00,886.0,886.0,885.75,885.75,11,885.85
20151030  07:36:00,886.0,886.25,886.0,886.25,18,886.1
20151030  07:37:00,885.75,886.0,885.75,886.0,3,885.825
20151030  07:38:00,885.75,885.75,885.25,885.75,5,885.55
20151030  07:39:00,885.75,885.75,885.75,885.75,2,885.75
20151030  07:40:00,886.25,886.5,886.25,886.5,10,886.475
20151030  07:41:00,886.5,886.5,886.25,886.25,60,886.425
20151030  07:42:00,886.5,886.5,886.25,886.25,3,886.325
20151030  07:43:00,886.5,886.75,886.25,886.75,33,886.625
20151030  07:44:00,886.5,886.75,886.5,886.5,9,886.65
20151030  07:45:00,886.5,886.5,886.5,886.5,0,886.5
20151030  07:46:00,886.5,886.5,886.5,886.5,0,886.5
20151030  07:47:00,886.5,886.5,886.5,886.5,4,886.5
20151030  07:48:00,886.0,886.25,886.0,886.25,2,886.125
20151030  07:49:00,886.0,886.0,886.0,886.0,4,886.0
20151030  07:50:00,885.5,885.5,885.5,885.5,2,885.5
20151030  07:51:00,885.5,885.5,885.5,885.5,2,885.5
20151030  07:52:00,885.25,885.25,884.5,884.5,28,884.575
20151030  07:53:00,884.75,884.75,884.75,884.75,19,884.75
20151030  07:54:00,885.0,885.0,884.75,884.75,4,884.875
20151030  07:55:00,885.0,885.0,884.5,884.5,4,884.75
20151030  07:56:00,884.25,884.5,884.25,884.25,7,884.275
20151030  07:57:00,884.5,884.5,884.5,884.5,3,884.5
20151030  07:58:00,885.0,885.0,885.0,885.0,1,885.0
20151030  07:59:00,884.5,884.75,884.5,884.75,7,884.575
20151030  08:00:00,884.75,885.0,884.75,885.0,23,884.775
20151030  08:01:00,885.25,885.25,885.25,885.25,1,885.25
20151030  08:02:00,884.75,885.0,884.75,884.75,18,884.8
20151030  08:03:00,885.0,885.0,884.75,884.75,5,884.8
20151030  08:04:00,884.75,884.75,884.75,884.75,31,884.75
20151030  08:05:00,884.5,885.0,884.5,885.0,5,884.9
20151030  08:06:00,884.75,885.0,884.75,885.0,9,884.9
20151030  08:07:00,885.25,885.25,884.75,884.75,7,884.975
20151030  08:08:00,885.0,885.0,884.25,884.25,19,884.425
20151030  08:09:00,884.75,884.75,884.75,884.75,1,884.75
20151030  08:10:00,884.75,885.0,884.5,885.0,13,884.675
20151030  08:11:00,884.75,884.75,884.75,884.75,1,884.75
20151030  08:12:00,885.0,885.0,884.75,884.75,19,884.975
20151030  08:13:00,884.75,884.75,884.75,884.75,5,884.75
20151030  08:14:00,885.0,885.0,884.75,884.75,6,884.95
20151030  08:15:00,884.75,884.75,884.25,884.25,18,884.5
20151030  08:16:00,884.5,884.5,884.25,884.25,11,884.375
20151030  08:17:00,884.0,884.5,884.0,884.5,10,884.15
20151030  08:18:00,884.75,884.75,884.75,884.75,3,884.75
20151030  08:19:00,884.5,885.0,884.5,885.0,8,884.625
20151030  08:20:00,884.5,885.0,884.5,884.75,12,884.6
20151030  08:21:00,884.75,885.0,884.75,885.0,3,884.925
20151030  08:22:00,884.75,884.75,884.75,884.75,2,884.75
20151030  08:23:00,885.0,885.25,884.75,884.75,8,885.025
20151030  08:24:00,884.5,884.5,884.5,884.5,1,884.5
20151030  08:25:00,885.5,885.5,884.75,884.75,3,885.25
20151030  08:26:00,885.0,885.25,885.0,885.25,4,885.075
20151030  08:27:00,885.5,885.5,885.5,885.5,1,885.5
20151030  08:28:00,885.75,885.75,885.75,885.75,2,885.75
20151030  08:29:00,885.75,885.75,885.5,885.5,2,885.625
20151030  08:30:00,885.5,885.5,885.5,885.5,1,885.5
20151030  08:31:00,885.25,885.25,885.25,885.25,6,885.25
20151030  08:32:00,884.75,884.75,884.0,884.0,7,884.25
20151030  08:33:00,884.0,884.0,883.5,883.75,13,883.925
20151030  08:34:00,883.5,884.0,883.5,884.0,11,883.675
20151030  08:35:00,883.75,883.75,883.75,883.75,1,883.75
20151030  08:36:00,883.75,883.75,883.75,883.75,0,883.75
20151030  08:37:00,883.75,883.75,883.75,883.75,1,883.75
20151030  08:38:00,884.25,884.25,884.25,884.25,1,884.25
20151030  08:39:00,884.75,885.0,884.5,885.0,6,884.7
20151030  08:40:00,884.0,884.0,884.0,884.0,4,884.0
20151030  08:41:00,884.0,884.75,884.0,884.75,12,884.475
20151030  08:42:00,884.75,884.75,884.75,884.75,0,884.75
20151030  08:43:00,885.0,885.0,884.75,884.75,9,884.95
20151030  08:44:00,885.0,885.0,885.0,885.0,3,885.0
20151030  08:45:00,885.0,885.0,885.0,885.0,0,885.0
20151030  08:46:00,885.25,885.25,885.25,885.25,2,885.25
20151030  08:47:00,885.25,885.25,885.0,885.0,5,885.15
20151030  08:48:00,884.75,885.0,884.75,885.0,6,884.875
20151030  08:49:00,885.0,885.0,885.0,885.0,1,885.0
20151030  08:50:00,885.0,885.25,885.0,885.25,3,885.175
20151030  08:51:00,885.25,885.5,885.25,885.5,3,885.325
20151030  08:52:00,885.5,885.5,885.25,885.25,4,885.325
20151030  08:53:00,885.25,885.25,884.75,885.0,20,884.95
20151030  08:54:00,884.75,884.75,884.75,884.75,3,884.75
20151030  08:55:00,885.0,885.0,884.75,884.75,6,884.8
20151030  08:56:00,884.5,884.5,884.5,884.5,1,884.5
20151030  08:57:00,884.25,884.75,884.25,884.5,4,884.425
20151030  08:58:00,884.75,884.75,884.75,884.75,7,884.75
20151030  08:59:00,884.0,884.0,884.0,884.0,2,884.0
20151030  09:00:00,884.0,884.25,883.75,884.25,10,884.1
20151030  09:01:00,884.25,884.75,884.25,884.75,5,884.35
20151030  09:02:00,884.0,884.5,884.0,884.5,3,884.175
20151030  09:03:00,884.5,884.5,884.5,884.5,0,884.5
20151030  09:04:00,884.5,884.5,884.5,884.5,0,884.5
20151030  09:05:00,884.75,884.75,884.75,884.75,2,884.75
20151030  09:06:00,884.5,885.0,884.5,885.0,10,884.6
20151030  09:07:00,885.0,885.0,885.0,885.0,0,885.0
20151030  09:08:00,884.0,884.0,883.75,883.75,50,884.0
20151030  09:09:00,884.0,884.0,884.0,884.0,1,884.0
20151030  09:10:00,884.0,884.0,884.0,884.0,0,884.0
20151030  09:11:00,884.0,884.0,884.0,884.0,1,884.0
20151030  09:12:00,884.5,884.5,884.25,884.25,3,884.325
20151030  09:13:00,884.5,884.5,884.5,884.5,1,884.5
20151030  09:14:00,884.5,884.75,884.5,884.75,3,884.675
20151030  09:15:00,884.75,884.75,884.75,884.75,2,884.75
20151030  09:16:00,884.75,885.0,884.5,884.5,12,884.9
20151030  09:17:00,884.5,884.5,884.5,884.5,0,884.5
20151030  09:18:00,885.0,885.0,885.0,885.0,2,885.0
20151030  09:19:00,884.5,884.5,884.5,884.5,4,884.5
20151030  09:20:00,884.25,884.25,884.25,884.25,2,884.25
20151030  09:21:00,884.5,884.5,884.5,884.5,3,884.5
20151030  09:22:00,884.5,884.5,884.25,884.25,4,884.425
20151030  09:23:00,884.25,884.25,884.25,884.25,0,884.25
20151030  09:24:00,883.75,883.75,883.75,883.75,3,883.75
20151030  09:25:00,883.75,884.25,883.75,883.75,12,884.0
20151030  09:26:00,883.75,883.75,883.75,883.75,0,883.75
20151030  09:27:00,883.75,883.75,883.75,883.75,0,883.75
20151030  09:28:00,883.25,883.75,883.25,883.25,18,883.45
20151030  09:29:00,883.25,883.5,883.25,883.5,3,883.425
20151030  09:30:00,883.5,883.5,883.0,883.0,8,883.375
20151030  09:31:00,883.5,883.5,883.0,883.25,20,883.45
20151030  09:32:00,883.75,883.75,883.75,883.75,2,883.75
20151030  09:33:00,883.25,883.25,883.25,883.25,1,883.25
20151030  09:34:00,883.0,883.0,883.0,883.0,50,883.0
20151030  09:35:00,883.25,883.25,883.25,883.25,6,883.25
20151030  09:36:00,883.0,883.25,883.0,883.25,23,883.025
20151030  09:37:00,883.25,883.25,883.0,883.25,7,883.225
20151030  09:38:00,883.5,883.5,883.5,883.5,33,883.5
20151030  09:39:00,883.25,883.25,883.25,883.25,12,883.25
20151030  09:40:00,883.25,883.25,883.25,883.25,0,883.25
20151030  09:41:00,883.5,883.75,883.25,883.25,9,883.6
20151030  09:42:00,883.75,883.75,883.0,883.0,9,883.2
20151030  09:43:00,883.0,883.0,883.0,883.0,8,883.0
20151030  09:44:00,883.0,883.0,883.0,883.0,0,883.0
20151030  09:45:00,883.75,883.75,883.25,883.25,9,883.575
20151030  09:46:00,883.75,883.75,883.75,883.75,2,883.75
20151030  09:47:00,884.0,884.0,884.0,884.0,2,884.0
20151030  09:48:00,884.0,884.0,884.0,884.0,0,884.0
20151030  09:49:00,883.5,883.5,883.5,883.5,4,883.5
20151030  09:50:00,883.5,883.5,883.5,883.5,3,883.5
20151030  09:51:00,883.5,883.5,883.25,883.25,6,883.425
20151030  09:52:00,883.75,883.75,883.75,883.75,6,883.75
20151030  09:53:00,883.75,883.75,883.75,883.75,3,883.75
20151030  09:54:00,883.5,884.0,883.25,884.0,54,883.5
20151030  09:55:00,884.0,884.0,884.0,884.0,0,884.0
20151030  09:56:00,884.0,884.5,884.0,884.25,3,884.25
20151030  09:57:00,884.25,884.25,884.0,884.0,14,884.025
20151030  09:58:00,884.0,884.25,884.0,884.25,12,884.075
20151030  09:59:00,884.0,884.0,884.0,884.0,1,884.0
20151030  10:00:00,884.0,884.0,884.0,884.0,0,884.0
20151030  10:01:00,884.0,884.0,884.0,884.0,3,884.0
20151030  10:02:00,884.0,884.0,884.0,884.0,0,884.0
20151030  10:03:00,884.0,884.0,884.0,884.0,1,884.0
20151030  10:04:00,884.0,884.0,884.0,884.0,7,884.0
20151030  10:05:00,883.5,883.5,883.5,883.5,2,883.5
20151030  10:06:00,884.0,884.0,884.0,884.0,10,884.0
20151030  10:07:00,884.25,884.25,884.25,884.25,4,884.25
20151030  10:08:00,884.25,884.25,883.5,883.5,3,883.825
20151030  10:09:00,883.5,883.5,883.5,883.5,1,883.5
20151030  10:10:00,883.5,883.5,883.25,883.25,6,883.425
20151030  10:11:00,883.25,883.5,883.25,883.5,5,883.4
20151030  10:12:00,883.5,883.5,883.5,883.5,1,883.5
20151030  10:13:00,883.75,883.75,883.75,883.75,50,883.75
20151030  10:14:00,883.75,884.0,883.75,883.75,9,883.825
20151030  10:15:00,883.5,883.5,883.5,883.5,2,883.5
20151030  10:16:00,883.25,883.25,883.25,883.25,1,883.25
20151030  10:17:00,883.25,883.25,883.25,883.25,0,883.25
20151030  10:18:00,883.25,883.5,883.25,883.5,3,883.425
20151030  10:19:00,883.5,883.5,883.5,883.5,0,883.5
20151030  10:20:00,883.5,883.5,883.5,883.5,0,883.5
20151030  10:21:00,883.75,883.75,883.5,883.5,10,883.55
20151030  10:22:00,884.0,884.0,883.75,884.0,4,883.95
20151030  10:23:00,884.0,884.0,884.0,884.0,0,884.0
20151030  10:24:00,883.5,883.5,883.25,883.25,16,883.475
20151030  10:25:00,883.25,883.25,883.0,883.25,6,883.2
20151030  10:26:00,883.5,883.5,883.5,883.5,4,883.5
20151030  10:27:00,883.5,883.5,883.25,883.25,5,883.3
20151030  10:28:00,883.25,883.25,883.25,883.25,40,883.25
20151030  10:29:00,883.25,883.25,883.25,883.25,15,883.25
20151030  10:30:00,883.25,883.25,883.25,883.25,0,883.25
20151030  10:31:00,883.25,883.25,883.25,883.25,0,883.25
20151030  10:32:00,883.0,883.0,883.0,883.0,1,883.0
20151030  10:33:00,883.0,883.0,883.0,883.0,2,883.0
20151030  10:34:00,883.25,883.25,883.25,883.25,2,883.25
20151030  10:35:00,883.25,883.25,882.75,882.75,8,883.125
20151030  10:36:00,882.75,883.0,882.75,883.0,3,882.925
20151030  10:37:00,883.0,883.0,883.0,883.0,1,883.0
20151030  10:38:00,883.0,883.0,883.0,883.0,2,883.0
20151030  10:39:00,882.75,882.75,882.75,882.75,1,882.75
20151030  10:40:00,883.0,883.25,882.75,882.75,66,882.825
20151030  10:41:00,882.75,882.75,882.75,882.75,4,882.75
20151030  10:42:00,882.75,882.75,882.5,882.5,3,882.575
20151030  10:43:00,883.0,883.0,883.0,883.0,1,883.0
20151030  10:44:00,882.75,883.0,882.75,883.0,2,882.875
20151030  10:45:00,882.75,882.75,882.75,882.75,5,882.75
20151030  10:46:00,882.5,882.75,882.5,882.75,2,882.625
20151030  10:47:00,882.75,882.75,882.75,882.75,0,882.75
20151030  10:48:00,882.75,882.75,882.75,882.75,1,882.75
20151030  10:49:00,883.0,883.0,883.0,883.0,2,883.0
20151030  10:50:00,882.75,882.75,882.75,882.75,12,882.75
20151030  10:51:00,882.75,882.75,882.75,882.75,0,882.75
20151030  10:52:00,882.5,882.5,882.5,882.5,2,882.5
20151030  10:53:00,882.0,882.0,882.0,882.0,2,882.0
20151030  10:54:00,882.0,882.25,882.0,882.0,249,882.0
20151030  10:55:00,882.25,882.5,882.0,882.5,8,882.1
20151030  10:56:00,882.0,882.0,882.0,882.0,2,882.0
20151030  10:57:00,882.5,882.75,882.5,882.75,9,882.7
20151030  10:58:00,882.75,883.75,882.75,883.75,22,883.25
20151030  10:59:00,883.25,884.0,883.25,883.5,25,883.725
20151030  11:00:00,883.25,883.5,883.25,883.5,7,883.325
20151030  11:01:00,883.0,883.0,883.0,883.0,2,883.0
20151030  11:02:00,883.0,883.0,883.0,883.0,0,883.0
20151030  11:03:00,883.5,883.5,883.5,883.5,7,883.5
20151030  11:04:00,883.5,883.5,883.5,883.5,0,883.5
20151030  11:05:00,883.25,883.25,883.25,883.25,3,883.25
20151030  11:06:00,883.5,883.5,883.0,883.0,5,883.2
20151030  11:07:00,883.75,884.25,883.75,884.25,221,884.1
20151030  11:08:00,884.0,884.5,884.0,884.25,7,884.25
20151030  11:09:00,883.75,884.25,883.5,884.0,33,883.95
20151030  11:10:00,884.0,884.0,883.0,883.25,34,883.775
20151030  11:11:00,883.25,883.25,883.25,883.25,1,883.25
20151030  11:12:00,883.25,883.5,883.25,883.25,39,883.325
20151030  11:13:00,883.5,884.0,883.25,883.75,83,883.725
20151030  11:14:00,883.75,884.5,882.75,882.75,280,884.0
20151030  11:15:00,882.5,882.75,882.25,882.75,71,882.325
20151030  11:16:00,883.0,883.25,883.0,883.0,12,883.025
20151030  11:17:00,882.75,882.75,882.75,882.75,6,882.75
20151030  11:18:00,882.5,882.75,882.5,882.75,2,882.625
20151030  11:19:00,882.5,882.75,882.5,882.75,26,882.625
